10
0.088900

20
0.076180

30
0.069440

40
0.064760

50
0.062260

60
0.058600

70
0.055860

80
0.053320

90
0.051020

100
0.049300

110
0.047120

120
0.044160

130
0.042700

140
0.040660

150
0.037780

160
0.035460

170
0.033640

180
0.031400

190
0.028760

200
0.025780

210
0.022920

220
0.021300

230
0.018500

240
0.016300

250
0.014180

260
0.012140

270
0.010680

280
0.008700

290
0.006880

300
0.005740

310
0.005280

320
0.004160

330
0.003380

340
0.003280

350
0.002440

360
0.002160

370
0.001520

380
0.001020

390
0.000960

400
0.000800

410
0.000640

420
0.000680

430
0.000560

440
0.000340

450
0.000160

460
0.000300

470
0.000200

480
0.000060

490
0.000280

500
0.000200

