1
10
0.916760

1
20
0.805020

1
30
0.549860

1
40
0.225280

1
50
0.045200

1
60
0.010000

1
70
0.003600

1
80
0.000000

1
90
0.000800

1
100
0.000000

1
110
0.000000

1
120
0.000000

1
130
0.000000

1
140
0.000000

1
150
0.000000

1
160
0.000000

1
170
0.000000

1
180
0.000000

1
190
0.000000

1
200
0.000000

1
210
0.000000

1
220
0.000000

1
230
0.000000

1
240
0.000000

1
250
0.000000

1
260
0.000000

1
270
0.000000

1
280
0.000000

1
290
0.000000

1
300
0.000000

1
310
0.000000

1
320
0.000000

1
330
0.000000

1
340
0.000000

1
350
0.000000

1
360
0.000000

1
370
0.000000

1
380
0.000000

1
390
0.000000

1
400
0.000000

1
410
0.000000

1
420
0.000000

1
430
0.000000

1
440
0.000000

1
450
0.000000

1
460
0.000000

1
470
0.000000

1
480
0.000000

1
490
0.000000

1
500
0.000000

2
10
0.914520

2
20
0.881200

2
30
0.815600

2
40
0.724460

2
50
0.581600

2
60
0.402280

2
70
0.275600

2
80
0.144400

2
90
0.066400

2
100
0.028000

2
110
0.017200

2
120
0.007200

2
130
0.004800

2
140
0.000400

2
150
0.000000

2
160
0.000000

2
170
0.000000

2
180
0.000000

2
190
0.000000

2
200
0.000000

2
210
0.000000

2
220
0.000000

2
230
0.000000

2
240
0.000000

2
250
0.000000

2
260
0.000000

2
270
0.000000

2
280
0.000000

2
290
0.000000

2
300
0.000000

2
310
0.000000

2
320
0.000000

2
330
0.000000

2
340
0.000000

2
350
0.000000

2
360
0.000000

2
370
0.000000

2
380
0.000000

2
390
0.000000

2
400
0.000000

2
410
0.000000

2
420
0.000000

2
430
0.000000

2
440
0.000000

2
450
0.000000

2
460
0.000000

2
470
0.000000

2
480
0.000000

2
490
0.000000

2
500
0.000000

4
10
0.907300

4
20
0.895420

4
30
0.880000

4
40
0.862780

4
50
0.826400

4
60
0.784400

4
70
0.741320

4
80
0.670560

4
90
0.604620

4
100
0.528520

4
110
0.429600

4
120
0.342000

4
130
0.266360

4
140
0.186400

4
150
0.157200

4
160
0.102000

4
170
0.073200

4
180
0.045600

4
190
0.021600

4
200
0.022800

4
210
0.016400

4
220
0.014400

4
230
0.005600

4
240
0.003600

4
250
0.006400

4
260
0.003200

4
270
0.000800

4
280
0.001200

4
290
0.000400

4
300
0.000000

4
310
0.000000

4
320
0.000000

4
330
0.000800

4
340
0.000000

4
350
0.000000

4
360
0.000000

4
370
0.000000

4
380
0.000000

4
390
0.000000

4
400
0.000000

4
410
0.000000

4
420
0.000000

4
430
0.000000

4
440
0.000000

4
450
0.000000

4
460
0.000000

4
470
0.000000

4
480
0.000000

4
490
0.000000

4
500
0.000000

8
10
0.898140

8
20
0.893560

8
30
0.889200

8
40
0.882520

8
50
0.874260

8
60
0.864760

8
70
0.854080

8
80
0.840020

8
90
0.825740

8
100
0.805560

8
110
0.787880

8
120
0.761600

8
130
0.737200

8
140
0.705600

8
150
0.672400

8
160
0.636760

8
170
0.609720

8
180
0.568800

8
190
0.533200

8
200
0.477600

8
210
0.440700

8
220
0.393200

8
230
0.362300

8
240
0.307200

8
250
0.275600

8
260
0.225200

8
270
0.208000

8
280
0.172000

8
290
0.143200

8
300
0.121560

8
310
0.096000

8
320
0.091200

8
330
0.066000

8
340
0.055600

8
350
0.044000

8
360
0.039200

8
370
0.034400

8
380
0.022800

8
390
0.027600

8
400
0.022800

8
410
0.012800

8
420
0.014400

8
430
0.010400

8
440
0.011600

8
450
0.004800

8
460
0.004400

8
470
0.004400

8
480
0.003600

8
490
0.000400

8
500
0.001200

16
10
0.873200

16
20
0.882640

16
30
0.887920

16
40
0.886040

16
50
0.886980

16
60
0.884800

16
70
0.880040

16
80
0.878940

16
90
0.875420

16
100
0.869040

16
110
0.864040

16
120
0.859360

16
130
0.849980

16
140
0.849540

16
150
0.843180

16
160
0.834540

16
170
0.824240

16
180
0.813680

16
190
0.806880

16
200
0.800160

16
210
0.788820

16
220
0.783360

16
230
0.765200

16
240
0.756560

16
250
0.737860

16
260
0.725200

16
270
0.706840

16
280
0.700440

16
290
0.675920

16
300
0.662520

16
310
0.646400

16
320
0.638740

16
330
0.602400

16
340
0.589180

16
350
0.576400

16
360
0.550880

16
370
0.527180

16
380
0.488080

16
390
0.488400

16
400
0.458000

16
410
0.443600

16
420
0.418620

16
430
0.401480

16
440
0.372800

16
450
0.351640

16
460
0.325600

16
470
0.312400

16
480
0.284400

16
490
0.260400

16
500
0.268560

