10
2038

20
3570

30
4888

40
6375

50
8383

60
10348

70
13244

80
15933

90
19492

100
23491

110
28267

120
33695

130
40157

140
47866

150
57871

160
65425

170
79359

180
92201

190
109074

200
121616

210
138906

220
158475

230
176426

240
192580

250
214330

260
229678

270
251320

280
270945

290
295083

300
306485

310
322453

320
339767

330
356831

340
373211

350
387886

360
404087

370
419047

380
432480

390
442482

400
459285

410
470799

420
483987

430
494415

440
508096

450
522201

460
531982

470
545801

480
557684

490
568962

500
580991

