20
10
0.891800

20
20
0.896560

20
30
0.891060

20
40
0.886520

20
50
0.876400

20
60
0.868220

20
70
0.853600

20
80
0.842960

20
90
0.829600

20
100
0.810000

20
110
0.788220

20
120
0.765960

20
130
0.743200

20
140
0.708320

20
150
0.675860

20
160
0.643300

20
170
0.605200

20
180
0.562500

20
190
0.513200

20
200
0.484800

20
210
0.453600

20
220
0.385200

20
230
0.335200

20
240
0.308800

20
250
0.261600

20
260
0.224760

20
270
0.200800

20
280
0.174000

20
290
0.148800

20
300
0.128400

20
310
0.113200

20
320
0.074000

20
330
0.076000

20
340
0.060000

20
350
0.044000

20
360
0.036400

20
370
0.026400

20
380
0.026400

20
390
0.019200

20
400
0.013600

20
410
0.016020

20
420
0.010800

20
430
0.008800

20
440
0.006000

20
450
0.005200

20
460
0.007200

20
470
0.004800

20
480
0.003600

20
490
0.003600

20
500
0.000800

40
10
0.944140

40
20
0.943140

40
30
0.942220

40
40
0.940160

40
50
0.934280

40
60
0.928220

40
70
0.922200

40
80
0.915180

40
90
0.905600

40
100
0.896800

40
110
0.879260

40
120
0.869720

40
130
0.849320

40
140
0.827980

40
150
0.812640

40
160
0.788560

40
170
0.757420

40
180
0.720500

40
190
0.688800

40
200
0.657040

40
210
0.623100

40
220
0.564600

40
230
0.506560

40
240
0.476000

40
250
0.450440

40
260
0.374400

40
270
0.312720

40
280
0.304800

40
290
0.245600

40
300
0.209600

40
310
0.202400

40
320
0.143940

40
330
0.136000

40
340
0.095200

40
350
0.096800

40
360
0.070400

40
370
0.073600

40
380
0.053600

40
390
0.052800

40
400
0.036800

40
410
0.029600

40
420
0.021600

40
430
0.023200

40
440
0.019200

40
450
0.004000

40
460
0.009600

40
470
0.011200

40
480
0.006400

40
490
0.005600

40
500
0.004800

60
10
0.962140

60
20
0.963120

60
30
0.961400

60
40
0.958660

60
50
0.954820

60
60
0.950140

60
70
0.945960

60
80
0.941180

60
90
0.937200

60
100
0.926960

60
110
0.919460

60
120
0.905820

60
130
0.901820

60
140
0.886800

60
150
0.865280

60
160
0.847200

60
170
0.822680

60
180
0.797180

60
190
0.767000

60
200
0.747200

60
210
0.704400

60
220
0.650820

60
230
0.613560

60
240
0.566400

60
250
0.520020

60
260
0.492200

60
270
0.406880

60
280
0.392400

60
290
0.346800

60
300
0.312000

60
310
0.275220

60
320
0.211200

60
330
0.195600

60
340
0.145200

60
350
0.136800

60
360
0.116400

60
370
0.081600

60
380
0.080400

60
390
0.072000

60
400
0.058800

60
410
0.046800

60
420
0.045600

60
430
0.024000

60
440
0.021600

60
450
0.024000

60
460
0.019200

60
470
0.012000

60
480
0.012000

60
490
0.009600

60
500
0.008400

80
10
0.970200

80
20
0.971640

80
30
0.969360

80
40
0.969580

80
50
0.966820

80
60
0.963220

80
70
0.958400

80
80
0.955640

80
90
0.951380

80
100
0.945280

80
110
0.937080

80
120
0.929460

80
130
0.923520

80
140
0.906320

80
150
0.893100

80
160
0.878240

80
170
0.861000

80
180
0.840900

80
190
0.820960

80
200
0.792900

80
210
0.759740

80
220
0.717220

80
230
0.674460

80
240
0.635200

80
250
0.592000

80
260
0.532780

80
270
0.508800

80
280
0.480000

80
290
0.388800

80
300
0.346720

80
310
0.307200

80
320
0.270400

80
330
0.235540

80
340
0.206400

80
350
0.147200

80
360
0.118400

80
370
0.129600

80
380
0.097600

80
390
0.065600

80
400
0.076800

80
410
0.044800

80
420
0.056000

80
430
0.019200

80
440
0.027200

80
450
0.036720

80
460
0.019200

80
470
0.009600

80
480
0.014400

80
490
0.001600

80
500
0.008000

100
10
0.977040

100
20
0.977660

100
30
0.976040

100
40
0.973100

100
50
0.972800

100
60
0.970060

100
70
0.968460

100
80
0.965460

100
90
0.961480

100
100
0.955300

100
110
0.943720

100
120
0.945960

100
130
0.934920

100
140
0.926200

100
150
0.911940

100
160
0.898000

100
170
0.883220

100
180
0.858360

100
190
0.834740

100
200
0.826340

100
210
0.808000

100
220
0.749880

100
230
0.734000

100
240
0.692000

100
250
0.618980

100
260
0.606120

100
270
0.554000

100
280
0.514880

100
290
0.458000

100
300
0.388200

100
310
0.386000

100
320
0.342000

100
330
0.244000

100
340
0.228000

100
350
0.210000

100
360
0.178000

100
370
0.154000

100
380
0.098000

100
390
0.112000

100
400
0.078000

100
410
0.072000

100
420
0.044000

100
430
0.042000

100
440
0.044000

100
450
0.034000

100
460
0.022000

100
470
0.020000

100
480
0.006000

100
490
0.020000

100
500
0.002000

